0 0.415 0.483333 0.395 0.31
0 0.155 0.81 0.3075 0.216667
0 0.83 0.516667 0.2525 0.126667
0 0.8325 0.636667 0.2525 0.136667
0 0.795 0.813333 0.22 0.256667
0 0.695 0.38 0.265 0.126667
0 0.6675 0.276667 0.1575 0.06
0 0.38 0.166667 0.175 0.073333
0 0.5775 0.196667 0.1775 0.08
0 0.74 0.16 0.14 0.093333
0 0.66 0.096667 0.1075 0.053333
0 0.55 0.073333 0.12 0.043333
0 0.44 0.096667 0.12 0.046667
0 0.2625 0.116667 0.0875 0.036667
0 0.2925 0.066667 0.065 0.023333
0 0.3125 0.026667 0.06 0.023333
0 0.3825 0.043333 0.0625 0.03