0 0.346484 0.546667 0.108062 0.096667
0 0.367067 0.446667 0.078902 0.07
0 0.478559 0.493333 0.070326 0.056667
0 0.58319 0.516667 0.072041 0.056667
0 0.590051 0.383333 0.070326 0.066667
0 0.716981 0.393333 0.06518 0.076667
0 0.48199 0.673333 0.157804 0.146667
0 0.51801 0.846667 0.108062 0.143333
0 0.90223 0.126667 0.164666 0.1
0 0.509434 0.196667 0.111492 0.06
0 0.349914 0.286667 0.070326 0.046667
0 0.271012 0.216667 0.066895 0.056667
0 0.214408 0.27 0.058319 0.056667
0 0.133791 0.303333 0.099485 0.066667
0 0.234991 0.386667 0.09777 0.083333
0 0.346484 0.333333 0.056604 0.046667
0 0.751286 0.246667 0.060034 0.046667