0 0.4225 0.72 0.225 0.11
0 0.6575 0.85 0.1325 0.123333
0 0.5775 0.64 0.1175 0.066667
0 0.545 0.57 0.095 0.053333
0 0.4325 0.61 0.0975 0.053333
0 0.42 0.51 0.0875 0.036667
0 0.6175 0.483333 0.165 0.043333
0 0.725 0.52 0.1 0.043333
0 0.5275 0.436667 0.09 0.03
0 0.08 0.66 0.1575 0.09
0 0.1325 0.583333 0.1025 0.046667
0 0.18 0.54 0.115 0.053333
0 0.245 0.47 0.07 0.026667
0 0.3125 0.436667 0.0725 0.026667
0 0.2675 0.396667 0.11 0.033333
0 0.3975 0.353333 0.105 0.03
0 0.3575 0.376667 0.0675 0.023333
0 0.5125 0.39 0.06 0.023333