0 0.356473 0.526667 0.071295 0.046667
0 0.123827 0.82 0.155722 0.18
0 0.204503 0.89 0.084428 0.106667
0 0.330206 0.73 0.093809 0.093333
0 0.429644 0.746667 0.095685 0.086667
0 0.566604 0.766667 0.078799 0.066667
0 0.487805 0.88 0.091932 0.103333
0 0.347092 0.896667 0.099437 0.113333
0 0.403377 0.973333 0.129456 0.05
0 0.636023 0.95 0.129456 0.086667
0 0.459662 0.573333 0.045028 0.043333
0 0.422139 0.546667 0.037523 0.023333
0 0.529081 0.523333 0.155722 0.136667
0 0.772983 0.71 0.326454 0.236667
0 0.934334 0.906667 0.129456 0.18