0 0.67 0.613333 0.266667 0.2
0 0.326667 0.853333 0.44 0.28
0 0.803333 0.936667 0.333333 0.12
0 0.92 0.746667 0.156667 0.14
0 0.343333 0.456667 0.393333 0.166667
0 0.69 0.386667 0.156667 0.07
0 0.88 0.44 0.143333 0.103333
0 0.973333 0.516667 0.05 0.063333
0 0.63 0.186667 0.156667 0.056667
0 0.483333 0.28 0.193333 0.066667
0 0.403333 0.22 0.086667 0.04
0 0.22 0.23 0.196667 0.073333
0 0.696667 0.126667 0.103333 0.04
0 0.59 0.11 0.136667 0.043333
0 0.343333 0.16 0.25 0.07
0 0.753333 0.07 0.183333 0.073333
0 0.57 0.346667 0.14 0.056667
0 0.69 0.283333 0.066667 0.04
0 0.043333 0.713333 0.086667 0.11